camera_matrix:
- - 830.1738983828674
  - 0.0
  - 290.128621140658
- - 0.0
  - 830.8722408759774
  - 250.56766392403247
- - 0.0
  - 0.0
  - 1.0
dist_coeff:
- - 0.018447925253083964
  - 1.3889206294490661
  - -0.004995554130171166
  - -0.0062674889653949835
  - -4.488051247694755
